ID	lgth	out	in	long_cov	short1_cov	short1_Ocov	short2_cov	short2_Ocov	long_nb	short1_nb	short2_nb
1	22	2	2	0.000000	292.045455	291.181818	0.000000	0.000000	0	192	0
2	38	1	1	0.000000	127.236842	127.236842	0.000000	0.000000	0	63	0
3	16	2	3	0.000000	522.750000	320.750000	0.000000	0.000000	0	323	0
4	5	2	2	0.000000	394.000000	392.200000	0.000000	0.000000	0	182	0
5	4	0	1	0.000000	262.500000	262.500000	0.000000	0.000000	0	118	0
6	42	1	1	0.000000	482.404762	388.714286	0.000000	0.000000	0	391	0
7	5	2	2	0.000000	557.400000	272.000000	0.000000	0.000000	0	277	0
8	10	1	1	0.000000	430.800000	226.900000	0.000000	0.000000	0	227	0
9	36	1	2	0.000000	581.305556	381.222222	0.000000	0.000000	0	347	0
10	2	2	2	0.000000	1024.000000	550.500000	0.000000	0.000000	0	457	0
11	44	1	1	0.000000	384.272727	168.340909	0.000000	0.000000	0	448	0
12	22	1	2	0.000000	561.454545	556.045455	0.000000	0.000000	0	345	0
13	11	2	2	0.000000	986.000000	767.545455	0.000000	0.000000	0	563	0
14	32	2	1	0.000000	901.156250	512.468750	0.000000	0.000000	0	737	0
15	3	2	1	0.000000	983.666667	212.666667	0.000000	0.000000	0	524	0
16	7	1	1	0.000000	863.000000	177.857143	0.000000	0.000000	0	472	0
17	15	2	2	0.000000	1146.133333	232.400000	0.000000	0.000000	0	670	0
18	21	1	2	0.000000	1073.952381	820.619048	0.000000	0.000000	0	662	0
19	3	2	2	0.000000	1245.666667	1245.000000	0.000000	0.000000	0	649	0
20	15	1	1	0.000000	597.933333	449.600000	0.000000	0.000000	0	338	0
21	31	1	1	0.000000	137.967742	137.774194	0.000000	0.000000	0	92	0
22	3	1	2	0.000000	676.333333	670.666667	0.000000	0.000000	0	339	0
23	17	3	2	0.000000	808.882353	393.352941	0.000000	0.000000	0	436	0
24	7	1	1	0.000000	542.142857	268.000000	0.000000	0.000000	0	270	0
25	8	2	3	0.000000	948.875000	519.375000	0.000000	0.000000	0	477	0
26	3	1	1	0.000000	834.000000	220.333333	0.000000	0.000000	0	404	0
27	39	1	1	0.000000	250.743590	249.641026	0.000000	0.000000	0	172	0
28	21	2	2	0.000000	782.809524	486.714286	0.000000	0.000000	0	475	0
29	37521	1	1	0.000000	148.557048	144.672637	0.000000	0.000000	0	23634	0
30	10	2	1	0.000000	418.300000	415.400000	0.000000	0.000000	0	217	0
31	241	2	2	0.000000	569.738589	412.643154	0.000000	0.000000	0	914	0
32	19	1	1	0.000000	304.263158	303.684211	0.000000	0.000000	0	218	0
33	3	2	2	0.000000	695.333333	556.000000	0.000000	0.000000	0	350	0
34	9	1	1	0.000000	412.222222	411.222222	0.000000	0.000000	0	218	0
35	6	2	2	0.000000	801.166667	799.333333	0.000000	0.000000	0	424	0
36	35	2	1	0.000000	582.342857	454.085714	0.000000	0.000000	0	388	0
37	44	1	1	0.000000	295.227273	289.659091	0.000000	0.000000	0	212	0
38	16	1	2	0.000000	372.562500	339.562500	0.000000	0.000000	0	230	0
39	19	1	1	0.000000	252.315789	252.315789	0.000000	0.000000	0	140	0
40	2	1	2	0.000000	952.500000	286.000000	0.000000	0.000000	0	463	0
41	15	2	1	0.000000	417.400000	258.666667	0.000000	0.000000	0	228	0
42	23	1	1	0.000000	283.521739	245.347826	0.000000	0.000000	0	177	0
43	1	1	2	0.000000	554.000000	549.000000	0.000000	0.000000	0	277	0
44	18	2	2	0.000000	524.777778	246.333333	0.000000	0.000000	0	323	0
45	24	2	1	0.000000	377.916667	195.125000	0.000000	0.000000	0	253	0
46	70	1	1	0.000000	313.071429	237.614286	0.000000	0.000000	0	228	0
47	3	2	2	0.000000	559.666667	557.666667	0.000000	0.000000	0	279	0
48	36	1	1	0.000000	722.888889	490.083333	0.000000	0.000000	0	474	0
49	1	2	2	0.000000	1136.000000	1128.000000	0.000000	0.000000	0	562	0
50	1	2	1	0.000000	981.000000	973.000000	0.000000	0.000000	0	492	0
51	11	2	1	0.000000	827.272727	821.181818	0.000000	0.000000	0	434	0
52	41	1	1	0.000000	151.707317	150.170732	0.000000	0.000000	0	101	0
53	25	0	2	0.000000	316.760000	315.440000	0.000000	0.000000	0	240	0
54	1	1	1	0.000000	459.000000	459.000000	0.000000	0.000000	0	13	0
55	35	1	2	0.000000	733.942857	704.200000	0.000000	0.000000	0	571	0
56	14	2	2	0.000000	987.142857	572.071429	0.000000	0.000000	0	592	0
57	6	2	1	0.000000	408.666667	186.166667	0.000000	0.000000	0	243	0
58	55	1	1	0.000000	264.109091	213.145455	0.000000	0.000000	0	228	0
59	17	2	2	0.000000	917.411765	585.823529	0.000000	0.000000	0	540	0
60	1	2	1	0.000000	510.000000	248.000000	0.000000	0.000000	0	255	0
61	40	2	2	0.000000	324.350000	247.525000	0.000000	0.000000	0	262	0
62	31	1	1	0.000000	229.129032	226.354839	0.000000	0.000000	0	172	0
63	11	1	2	0.000000	437.727273	433.454545	0.000000	0.000000	0	232	0
64	23	2	2	0.000000	500.173913	494.130435	0.000000	0.000000	0	325	0
65	22	1	1	0.000000	373.318182	313.681818	0.000000	0.000000	0	220	0
66	17	2	2	0.000000	886.941176	431.117647	0.000000	0.000000	0	498	0
67	39	1	1	0.000000	162.230769	160.615385	0.000000	0.000000	0	167	0
68	47	1	2	0.000000	168.425532	124.808511	0.000000	0.000000	0	178	0
69	5	1	2	0.000000	634.800000	241.000000	0.000000	0.000000	0	346	0
70	19	2	1	0.000000	255.894737	171.684211	0.000000	0.000000	0	128	0
71	38	1	1	0.000000	132.631579	131.973684	0.000000	0.000000	0	81	0
72	36	1	2	0.000000	267.722222	264.944444	0.000000	0.000000	0	158	0
73	31	1	1	0.000000	110.032258	109.387097	0.000000	0.000000	0	61	0
74	8	2	2	0.000000	381.750000	380.750000	0.000000	0.000000	0	197	0
75	10	2	1	0.000000	308.600000	185.700000	0.000000	0.000000	0	172	0
76	44	1	1	0.000000	146.318182	145.159091	0.000000	0.000000	0	109	0
77	23	1	2	0.000000	517.521739	364.000000	0.000000	0.000000	0	326	0
78	59	1	1	0.000000	295.118644	190.542373	0.000000	0.000000	0	228	0
79	1	1	1	0.000000	765.000000	765.000000	0.000000	0.000000	0	17	0
80	51	1	2	0.000000	145.431373	145.156863	0.000000	0.000000	0	255	0
81	38	1	1	0.000000	255.973684	254.500000	0.000000	0.000000	0	179	0
82	57	1	1	0.000000	435.929825	405.473684	0.000000	0.000000	0	318	0
83	42	1	1	0.000000	117.714286	117.261905	0.000000	0.000000	0	83	0
84	38	1	1	0.000000	112.447368	111.973684	0.000000	0.000000	0	76	0
85	3	1	2	0.000000	271.333333	268.333333	0.000000	0.000000	0	139	0
86	7	1	2	0.000000	394.285714	388.428571	0.000000	0.000000	0	200	0
87	1	2	1	0.000000	664.000000	659.000000	0.000000	0.000000	0	316	0
88	34	1	1	0.000000	126.058824	123.852941	0.000000	0.000000	0	72	0
89	52	2	2	0.000000	170.115385	168.019231	0.000000	0.000000	0	248	0
90	12	2	2	0.000000	1315.333333	181.333333	0.000000	0.000000	0	714	0
91	19	1	2	0.000000	516.105263	483.842105	0.000000	0.000000	0	318	0
92	48	2	1	0.000000	416.375000	256.895833	0.000000	0.000000	0	294	0
93	10	1	1	0.000000	137.900000	137.300000	0.000000	0.000000	0	81	0
94	44	0	2	0.000000	435.931818	362.477273	0.000000	0.000000	0	349	0
95	5	0	0	0.000000	276.800000	274.400000	0.000000	0.000000	0	150	0
96	3	1	1	0.000000	196.000000	195.666667	0.000000	0.000000	0	87	0
97	3	1	1	0.000000	921.333333	602.000000	0.000000	0.000000	0	491	0
98	25	2	1	0.000000	555.840000	546.200000	0.000000	0.000000	0	383	0
99	6	1	1	0.000000	522.833333	209.166667	0.000000	0.000000	0	271	0
100	18	1	1	0.000000	277.055556	274.055556	0.000000	0.000000	0	157	0
101	10	2	2	0.000000	584.700000	581.300000	0.000000	0.000000	0	326	0
102	11	1	1	0.000000	443.818182	440.818182	0.000000	0.000000	0	251	0
103	19	1	1	0.000000	134.263158	133.736842	0.000000	0.000000	0	79	0
104	31	1	1	0.000000	199.903226	197.612903	0.000000	0.000000	0	167	0
105	37	1	1	0.000000	402.000000	399.324324	0.000000	0.000000	0	278	0
106	130746	2	1	0.000000	150.121633	0.290464	0.000000	0.000000	0	84775	0
107	13	1	1	0.000000	148.000000	146.076923	0.000000	0.000000	0	76	0
108	3	1	2	0.000000	273.333333	269.333333	0.000000	0.000000	0	136	0
109	54	2	1	0.000000	521.351852	374.185185	0.000000	0.000000	0	438	0
110	13	2	2	0.000000	641.461538	418.000000	0.000000	0.000000	0	362	0
111	12	1	1	0.000000	391.583333	389.500000	0.000000	0.000000	0	220	0
112	15	2	1	0.000000	262.800000	260.533333	0.000000	0.000000	0	142	0
113	5	1	1	0.000000	114.600000	114.600000	0.000000	0.000000	0	66	0
114	235872	1	2	0.000000	168.153566	0.147826	0.000000	0.000000	0	168245	0
115	19	1	2	0.000000	254.157895	252.263158	0.000000	0.000000	0	163	0
116	1	1	2	0.000000	376.000000	373.000000	0.000000	0.000000	0	201	0
117	1	1	2	0.000000	528.000000	523.000000	0.000000	0.000000	0	275	0
118	10	1	1	0.000000	114.500000	111.500000	0.000000	0.000000	0	74	0
119	15	2	2	0.000000	254.200000	252.800000	0.000000	0.000000	0	149	0
120	21	1	1	0.000000	114.761905	114.761905	0.000000	0.000000	0	71	0
121	26	2	2	0.000000	452.153846	379.423077	0.000000	0.000000	0	273	0
122	25	1	1	0.000000	118.720000	118.720000	0.000000	0.000000	0	72	0
123	5	2	1	0.000000	281.000000	279.000000	0.000000	0.000000	0	149	0
124	47	1	1	0.000000	158.851064	157.340426	0.000000	0.000000	0	107	0
125	18	2	2	0.000000	695.888889	466.000000	0.000000	0.000000	0	381	0
126	32	2	1	0.000000	571.031250	258.312500	0.000000	0.000000	0	358	0
127	25	1	1	0.000000	163.920000	158.920000	0.000000	0.000000	0	96	0
128	36	1	2	0.000000	200.833333	200.166667	0.000000	0.000000	0	196	0
129	6	2	1	0.000000	308.166667	298.166667	0.000000	0.000000	0	163	0
130	20	1	1	0.000000	150.600000	30.350000	0.000000	0.000000	0	87	0
131	5	1	2	0.000000	427.800000	425.000000	0.000000	0.000000	0	220	0
132	6	1	2	0.000000	574.000000	572.000000	0.000000	0.000000	0	302	0
133	35	1	1	0.000000	131.200000	130.142857	0.000000	0.000000	0	85	0
134	11	2	1	0.000000	536.363636	531.090909	0.000000	0.000000	0	304	0
135	7	2	1	0.000000	407.571429	404.000000	0.000000	0.000000	0	211	0
136	43	1	1	0.000000	281.279070	275.209302	0.000000	0.000000	0	193	0
137	1	1	2	0.000000	670.000000	278.000000	0.000000	0.000000	0	337	0
138	20	1	1	0.000000	122.750000	121.950000	0.000000	0.000000	0	81	0
139	11	1	2	0.000000	228.454545	225.000000	0.000000	0.000000	0	141	0
140	1	1	2	0.000000	332.000000	326.000000	0.000000	0.000000	0	182	0
141	4	2	0	0.000000	335.000000	332.750000	0.000000	0.000000	0	165	0
142	47	1	1	0.000000	162.638298	161.361702	0.000000	0.000000	0	105	0
143	31	1	1	0.000000	148.645161	146.903226	0.000000	0.000000	0	94	0
144	5	1	1	0.000000	161.000000	161.000000	0.000000	0.000000	0	77	0
145	49	1	1	0.000000	148.918367	114.122449	0.000000	0.000000	0	108	0
146	3	1	2	0.000000	983.000000	199.666667	0.000000	0.000000	0	516	0
147	19	1	1	0.000000	417.789474	407.631579	0.000000	0.000000	0	232	0
148	16	1	1	0.000000	136.125000	136.125000	0.000000	0.000000	0	89	0
149	23	1	1	0.000000	126.347826	124.826087	0.000000	0.000000	0	95	0
150	91	2	1	0.000000	285.483516	280.516484	0.000000	0.000000	0	370	0
151	21	1	1	0.000000	148.523810	148.523810	0.000000	0.000000	0	93	0
152	29	2	2	0.000000	277.448276	271.758621	0.000000	0.000000	0	170	0
153	1	1	1	0.000000	151.000000	150.000000	0.000000	0.000000	0	78	0
154	11	1	3	0.000000	568.636364	281.181818	0.000000	0.000000	0	303	0
155	60	1	1	0.000000	238.916667	231.683333	0.000000	0.000000	0	261	0
156	16	2	1	0.000000	251.375000	244.687500	0.000000	0.000000	0	155	0
157	44	1	1	0.000000	114.477273	113.613636	0.000000	0.000000	0	83	0
158	52	1	2	0.000000	155.634615	143.596154	0.000000	0.000000	0	170	0
159	65	2	1	0.000000	172.676923	170.738462	0.000000	0.000000	0	230	0
160	2	1	1	0.000000	121.500000	121.500000	0.000000	0.000000	0	64	0
161	9	2	3	0.000000	707.111111	320.111111	0.000000	0.000000	0	374	0
162	22	2	1	0.000000	446.500000	441.818182	0.000000	0.000000	0	256	0
163	15	1	1	0.000000	140.466667	140.466667	0.000000	0.000000	0	74	0
164	13	2	2	0.000000	272.076923	271.538462	0.000000	0.000000	0	147	0
165	51	0	2	0.000000	263.333333	259.019608	0.000000	0.000000	0	188	0
166	44	2	1	0.000000	281.681818	184.954545	0.000000	0.000000	0	200	0
167	42	2	1	0.000000	136.380952	135.452381	0.000000	0.000000	0	164	0
168	8	2	2	0.000000	516.375000	512.375000	0.000000	0.000000	0	290	0
169	14	1	1	0.000000	264.357143	263.285714	0.000000	0.000000	0	158	0
170	2	2	2	0.000000	477.500000	475.000000	0.000000	0.000000	0	301	0
171	75	1	1	0.000000	292.893333	288.666667	0.000000	0.000000	0	319	0
172	3	2	2	0.000000	511.000000	507.000000	0.000000	0.000000	0	297	0
173	30	2	1	0.000000	244.466667	241.933333	0.000000	0.000000	0	181	0
174	23	1	1	0.000000	180.652174	180.652174	0.000000	0.000000	0	186	0
175	6	1	1	0.000000	165.000000	161.500000	0.000000	0.000000	0	90	0
176	51	1	2	0.000000	202.588235	175.039216	0.000000	0.000000	0	214	0
177	25	1	2	0.000000	374.400000	371.760000	0.000000	0.000000	0	217	0
178	14	1	2	0.000000	532.714286	530.214286	0.000000	0.000000	0	284	0
179	6	1	2	0.000000	954.000000	633.666667	0.000000	0.000000	0	502	0
180	18	2	2	0.000000	1320.777778	751.944444	0.000000	0.000000	0	742	0
181	2	2	1	0.000000	267.000000	134.500000	0.000000	0.000000	0	135	0
182	8	1	1	0.000000	138.375000	136.625000	0.000000	0.000000	0	66	0
183	5	1	3	0.000000	1070.600000	436.600000	0.000000	0.000000	0	553	0
184	5	2	2	0.000000	1127.400000	232.400000	0.000000	0.000000	0	631	0
185	31	1	1	0.000000	164.258065	162.903226	0.000000	0.000000	0	102	0
186	20	1	2	0.000000	467.700000	435.000000	0.000000	0.000000	0	264	0
187	1	2	2	0.000000	565.000000	561.000000	0.000000	0.000000	0	293	0
188	15	2	1	0.000000	437.000000	383.333333	0.000000	0.000000	0	250	0
189	7	1	1	0.000000	298.285714	146.571429	0.000000	0.000000	0	152	0
190	19	1	1	0.000000	122.368421	122.368421	0.000000	0.000000	0	62	0
191	12	2	1	0.000000	369.833333	365.916667	0.000000	0.000000	0	246	0
192	5	1	1	0.000000	283.400000	280.800000	0.000000	0.000000	0	167	0
193	3	2	2	0.000000	519.000000	344.000000	0.000000	0.000000	0	276	0
194	4	2	1	0.000000	366.500000	366.500000	0.000000	0.000000	0	201	0
195	1	1	1	0.000000	265.000000	265.000000	0.000000	0.000000	0	136	0
196	1	2	2	0.000000	757.000000	757.000000	0.000000	0.000000	0	211	0
197	5	1	1	0.000000	133.200000	133.200000	0.000000	0.000000	0	82	0
198	31	1	2	0.000000	267.064516	263.870968	0.000000	0.000000	0	197	0
199	43	1	1	0.000000	121.279070	119.116279	0.000000	0.000000	0	144	0
200	40	1	1	0.000000	145.700000	143.500000	0.000000	0.000000	0	106	0
201	3	2	2	0.000000	309.333333	307.333333	0.000000	0.000000	0	168	0
202	33	1	1	0.000000	160.333333	159.606061	0.000000	0.000000	0	107	0
203	9	1	1	0.000000	1198.888889	192.111111	0.000000	0.000000	0	640	0
204	1	1	1	0.000000	428.000000	423.000000	0.000000	0.000000	0	216	0
205	3	2	2	0.000000	723.000000	716.333333	0.000000	0.000000	0	377	0
206	6	1	1	0.000000	179.333333	178.666667	0.000000	0.000000	0	154	0
207	14	2	2	0.000000	422.142857	419.000000	0.000000	0.000000	0	244	0
208	10	1	1	0.000000	138.200000	138.200000	0.000000	0.000000	0	82	0
209	11	1	1	0.000000	287.181818	285.090909	0.000000	0.000000	0	154	0
210	8	1	2	0.000000	443.875000	275.250000	0.000000	0.000000	0	228	0
211	13	2	2	0.000000	716.230769	567.076923	0.000000	0.000000	0	430	0
212	31	1	1	0.000000	119.000000	117.161290	0.000000	0.000000	0	101	0
213	37	1	2	0.000000	610.729730	332.783784	0.000000	0.000000	0	432	0
214	17	2	2	0.000000	672.882353	183.058824	0.000000	0.000000	0	402	0
215	7	1	1	0.000000	239.428571	235.857143	0.000000	0.000000	0	189	0
216	17	1	2	0.000000	370.235294	190.705882	0.000000	0.000000	0	207	0
217	31	2	2	0.000000	524.967742	272.419355	0.000000	0.000000	0	323	0
218	54	1	1	0.000000	349.648148	216.759259	0.000000	0.000000	0	325	0
219	39	1	1	0.000000	143.333333	142.512821	0.000000	0.000000	0	108	0
220	19	1	1	0.000000	163.894737	163.894737	0.000000	0.000000	0	95	0
221	14	2	2	0.000000	263.071429	260.857143	0.000000	0.000000	0	350	0
222	36	1	1	0.000000	160.777778	159.138889	0.000000	0.000000	0	108	0
223	34	1	1	0.000000	187.147059	183.647059	0.000000	0.000000	0	164	0
224	9	1	2	0.000000	401.666667	219.111111	0.000000	0.000000	0	216	0
225	10	3	2	0.000000	551.000000	272.300000	0.000000	0.000000	0	292	0
226	9	1	1	0.000000	120.888889	120.777778	0.000000	0.000000	0	76	0
227	41	1	2	0.000000	274.024390	273.243902	0.000000	0.000000	0	207	0
228	50	1	1	0.000000	217.700000	215.620000	0.000000	0.000000	0	173	0
229	4	1	2	0.000000	378.750000	378.750000	0.000000	0.000000	0	185	0
230	3	2	2	0.000000	866.333333	339.000000	0.000000	0.000000	0	485	0
231	25	1	2	0.000000	244.280000	241.080000	0.000000	0.000000	0	243	0
232	6	1	1	0.000000	141.666667	141.666667	0.000000	0.000000	0	73	0
233	37387	2	1	0.000000	150.507396	146.511274	0.000000	0.000000	0	23961	0
234	21	1	1	0.000000	127.047619	126.809524	0.000000	0.000000	0	82	0
235	3	2	2	0.000000	390.333333	388.000000	0.000000	0.000000	0	216	0
236	12	1	1	0.000000	150.750000	150.500000	0.000000	0.000000	0	147	0
237	52	1	2	0.000000	302.730769	297.826923	0.000000	0.000000	0	212	0
238	31	1	1	0.000000	126.258065	126.258065	0.000000	0.000000	0	93	0
239	10	2	0	0.000000	290.700000	151.900000	0.000000	0.000000	0	153	0
240	3	1	1	0.000000	152.666667	152.666667	0.000000	0.000000	0	71	0
241	1	2	2	0.000000	289.000000	284.000000	0.000000	0.000000	0	138	0
242	43	1	1	0.000000	153.790698	140.906977	0.000000	0.000000	0	99	0
243	14	1	1	0.000000	141.071429	141.071429	0.000000	0.000000	0	74	0
244	3	1	1	0.000000	125.666667	125.666667	0.000000	0.000000	0	71	0
245	13	2	1	0.000000	403.000000	403.000000	0.000000	0.000000	0	230	0
246	13	2	1	0.000000	560.461538	194.846154	0.000000	0.000000	0	283	0
247	30	2	2	0.000000	252.133333	251.733333	0.000000	0.000000	0	158	0
248	42	1	1	0.000000	162.476190	152.619048	0.000000	0.000000	0	105	0
249	20	1	1	0.000000	166.650000	165.950000	0.000000	0.000000	0	92	0
250	3	2	2	0.000000	266.000000	263.000000	0.000000	0.000000	0	139	0
251	10	1	3	0.000000	1047.100000	170.100000	0.000000	0.000000	0	566	0
252	2	2	2	0.000000	597.500000	224.500000	0.000000	0.000000	0	262	0
253	29	1	1	0.000000	155.620690	155.620690	0.000000	0.000000	0	112	0
254	33	1	1	0.000000	147.454545	146.636364	0.000000	0.000000	0	101	0
255	11	1	1	0.000000	147.454545	147.454545	0.000000	0.000000	0	87	0
256	11	1	2	0.000000	271.636364	268.454545	0.000000	0.000000	0	156	0
257	20	1	1	0.000000	153.950000	150.150000	0.000000	0.000000	0	91	0
258	10	1	1	0.000000	268.400000	267.900000	0.000000	0.000000	0	155	0
259	9	1	1	0.000000	176.666667	176.666667	0.000000	0.000000	0	86	0
260	4	2	2	0.000000	1091.500000	277.750000	0.000000	0.000000	0	575	0
261	5	1	2	0.000000	342.000000	229.000000	0.000000	0.000000	0	169	0
262	44	2	1	0.000000	237.204545	234.500000	0.000000	0.000000	0	205	0
263	38	2	1	0.000000	256.052632	186.184211	0.000000	0.000000	0	176	0
264	14	2	0	0.000000	309.285714	306.857143	0.000000	0.000000	0	284	0
265	7	1	1	0.000000	248.142857	162.571429	0.000000	0.000000	0	128	0
266	47	2	2	0.000000	389.297872	314.425532	0.000000	0.000000	0	262	0
267	6	1	1	0.000000	266.833333	266.833333	0.000000	0.000000	0	139	0
268	24	1	1	0.000000	155.541667	154.833333	0.000000	0.000000	0	83	0
269	65	1	1	0.000000	195.246154	117.246154	0.000000	0.000000	0	177	0
270	49	1	1	0.000000	278.326531	275.183673	0.000000	0.000000	0	195	0
271	68	2	2	0.000000	204.691176	200.514706	0.000000	0.000000	0	289	0
272	31	1	1	0.000000	157.516129	157.516129	0.000000	0.000000	0	100	0
273	10	2	2	0.000000	696.000000	387.900000	0.000000	0.000000	0	281	0
274	35	1	1	0.000000	265.828571	225.571429	0.000000	0.000000	0	131	0
275	42700	1	1	0.000000	139.293607	135.221546	0.000000	0.000000	0	25457	0
276	9	1	1	0.000000	137.111111	137.111111	0.000000	0.000000	0	80	0
277	38	1	1	0.000000	163.500000	162.368421	0.000000	0.000000	0	110	0
278	22	1	1	0.000000	122.181818	121.181818	0.000000	0.000000	0	68	0
279	14	2	1	0.000000	269.785714	267.357143	0.000000	0.000000	0	137	0
280	37	1	1	0.000000	291.891892	290.027027	0.000000	0.000000	0	186	0
281	10	1	1	0.000000	286.300000	284.100000	0.000000	0.000000	0	156	0
282	8	2	2	0.000000	444.375000	441.250000	0.000000	0.000000	0	259	0
283	33	1	1	0.000000	132.121212	130.757576	0.000000	0.000000	0	92	0
284	5	1	1	0.000000	127.200000	127.200000	0.000000	0.000000	0	71	0
285	16	1	1	0.000000	138.687500	138.687500	0.000000	0.000000	0	81	0
286	31	1	1	0.000000	333.677419	333.258065	0.000000	0.000000	0	244	0
287	19	1	0	0.000000	280.315789	277.000000	0.000000	0.000000	0	153	0
288	8	1	1	0.000000	132.750000	132.625000	0.000000	0.000000	0	75	0
289	1	1	1	0.000000	931.000000	245.000000	0.000000	0.000000	0	461	0
290	74	2	1	0.000000	300.162162	273.094595	0.000000	0.000000	0	426	0
291	17	1	1	0.000000	151.882353	151.882353	0.000000	0.000000	0	87	0
292	25	1	1	0.000000	143.560000	142.040000	0.000000	0.000000	0	86	0
293	5	1	2	0.000000	599.200000	158.200000	0.000000	0.000000	0	408	0
294	10	1	1	0.000000	121.000000	121.000000	0.000000	0.000000	0	64	0
295	7	1	1	0.000000	127.428571	126.428571	0.000000	0.000000	0	67	0
296	1	2	2	0.000000	522.000000	514.000000	0.000000	0.000000	0	279	0
297	51	1	1	0.000000	265.607843	260.509804	0.000000	0.000000	0	190	0
298	2347	1	1	0.000000	90.446527	86.654452	0.000000	0.000000	0	1168	0
299	43	1	1	0.000000	181.325581	180.837209	0.000000	0.000000	0	146	0
300	1	1	1	0.000000	91.000000	91.000000	0.000000	0.000000	0	47	0
301	12	1	2	0.000000	231.666667	231.666667	0.000000	0.000000	0	128	0
302	50	1	1	0.000000	129.020000	128.420000	0.000000	0.000000	0	97	0
303	11	1	1	0.000000	99.454545	99.090909	0.000000	0.000000	0	39	0
304	16	1	1	0.000000	161.875000	161.875000	0.000000	0.000000	0	98	0
305	84603	1	1	0.000000	134.045093	0.299422	0.000000	0.000000	0	49173	0
306	5	1	1	0.000000	136.000000	131.000000	0.000000	0.000000	0	64	0
307	28	1	1	0.000000	315.642857	313.285714	0.000000	0.000000	0	182	0
308	22	1	1	0.000000	409.318182	355.045455	0.000000	0.000000	0	262	0
309	17	2	2	0.000000	526.470588	514.588235	0.000000	0.000000	0	300	0
310	58	1	1	0.000000	396.672414	321.206897	0.000000	0.000000	0	280	0
311	41	3	2	0.000000	520.390244	343.682927	0.000000	0.000000	0	366	0
312	9	1	2	0.000000	278.222222	278.222222	0.000000	0.000000	0	135	0
313	17	1	2	0.000000	396.058824	396.058824	0.000000	0.000000	0	223	0
314	48	2	2	0.000000	515.812500	274.854167	0.000000	0.000000	0	391	0
315	11	1	1	0.000000	124.545455	122.545455	0.000000	0.000000	0	73	0
316	31	1	1	0.000000	123.354839	113.838710	0.000000	0.000000	0	83	0
317	3	1	1	0.000000	120.333333	120.333333	0.000000	0.000000	0	72	0
318	31	1	1	0.000000	243.935484	212.387097	0.000000	0.000000	0	196	0
319	3062	1	1	0.000000	104.779229	100.864794	0.000000	0.000000	0	1583	0
320	2	1	1	0.000000	120.000000	118.000000	0.000000	0.000000	0	65	0
321	10	1	1	0.000000	152.500000	152.200000	0.000000	0.000000	0	71	0
322	11	1	1	0.000000	127.636364	127.636364	0.000000	0.000000	0	64	0
323	6	2	2	0.000000	673.000000	314.000000	0.000000	0.000000	0	215	0
324	21	1	2	0.000000	397.047619	235.857143	0.000000	0.000000	0	231	0
325	3	1	1	0.000000	137.333333	45.666667	0.000000	0.000000	0	68	0
326	17	1	1	0.000000	134.764706	134.411765	0.000000	0.000000	0	76	0
327	45	1	1	0.000000	125.488889	123.644444	0.000000	0.000000	0	97	0
328	12	1	1	0.000000	362.833333	216.500000	0.000000	0.000000	0	268	0
329	3	1	1	0.000000	396.333333	390.333333	0.000000	0.000000	0	189	0
330	19	2	1	0.000000	277.421053	272.684211	0.000000	0.000000	0	201	0
331	20	1	1	0.000000	119.350000	118.250000	0.000000	0.000000	0	72	0
332	31	1	2	0.000000	249.870968	247.806452	0.000000	0.000000	0	192	0
333	31	1	1	0.000000	119.096774	119.096774	0.000000	0.000000	0	89	0
334	56	1	1	0.000000	284.267857	267.500000	0.000000	0.000000	0	181	0
335	1	1	1	0.000000	130.000000	130.000000	0.000000	0.000000	0	70	0
336	1	1	2	0.000000	496.000000	496.000000	0.000000	0.000000	0	88	0
337	1	1	1	0.000000	364.000000	364.000000	0.000000	0.000000	0	79	0
338	20	1	1	0.000000	385.350000	222.150000	0.000000	0.000000	0	235	0
339	22	1	1	0.000000	124.545455	123.318182	0.000000	0.000000	0	75	0
340	4	1	1	0.000000	133.750000	133.750000	0.000000	0.000000	0	66	0
341	1	1	1	0.000000	110.000000	110.000000	0.000000	0.000000	0	63	0
342	7	1	1	0.000000	243.285714	130.285714	0.000000	0.000000	0	126	0
343	31	1	1	0.000000	129.032258	128.419355	0.000000	0.000000	0	70	0
344	1	1	1	0.000000	266.000000	264.000000	0.000000	0.000000	0	116	0
345	9	3	2	0.000000	552.555556	275.111111	0.000000	0.000000	0	255	0
346	5	1	1	0.000000	122.600000	122.600000	0.000000	0.000000	0	52	0
347	6	2	2	0.000000	251.500000	251.500000	0.000000	0.000000	0	125	0
348	11	2	1	0.000000	282.909091	184.090909	0.000000	0.000000	0	144	0
349	128	1	1	0.000000	145.890625	144.367188	0.000000	0.000000	0	174	0
350	3	2	1	0.000000	262.666667	220.666667	0.000000	0.000000	0	143	0
351	7	1	2	0.000000	542.142857	282.142857	0.000000	0.000000	0	209	0
352	58	1	1	0.000000	124.551724	123.103448	0.000000	0.000000	0	95	0
353	4	1	1	0.000000	150.500000	143.750000	0.000000	0.000000	0	76	0
354	5	1	1	0.000000	137.200000	137.200000	0.000000	0.000000	0	72	0
355	40	1	1	0.000000	137.425000	98.100000	0.000000	0.000000	0	80	0
356	57	1	1	0.000000	205.210526	204.596491	0.000000	0.000000	0	126	0
357	31	1	1	0.000000	137.387097	136.096774	0.000000	0.000000	0	84	0
358	131	1	1	0.000000	214.687023	182.099237	0.000000	0.000000	0	250	0
359	9	1	1	0.000000	115.666667	115.666667	0.000000	0.000000	0	69	0
360	2	1	1	0.000000	135.500000	135.500000	0.000000	0.000000	0	74	0
361	3	1	1	0.000000	132.333333	131.333333	0.000000	0.000000	0	78	0
362	67	1	1	0.000000	169.641791	168.522388	0.000000	0.000000	0	209	0
363	43	1	1	0.000000	134.697674	132.046512	0.000000	0.000000	0	95	0
364	33	1	1	0.000000	123.454545	123.454545	0.000000	0.000000	0	71	0
365	28	1	1	0.000000	140.214286	140.214286	0.000000	0.000000	0	97	0
366	18	1	1	0.000000	124.611111	124.611111	0.000000	0.000000	0	67	0
367	31	1	1	0.000000	153.838710	152.419355	0.000000	0.000000	0	104	0
368	19	1	1	0.000000	112.842105	111.631579	0.000000	0.000000	0	56	0
369	44	1	1	0.000000	139.886364	137.000000	0.000000	0.000000	0	95	0
370	120	1	1	0.000000	258.325000	240.658333	0.000000	0.000000	0	202	0
371	37	1	1	0.000000	130.567568	130.567568	0.000000	0.000000	0	80	0
372	5	1	1	0.000000	127.800000	127.800000	0.000000	0.000000	0	63	0
373	3	1	1	0.000000	129.666667	129.666667	0.000000	0.000000	0	66	0
374	1	1	1	0.000000	135.000000	135.000000	0.000000	0.000000	0	73	0
375	447	2	2	0.000000	295.695749	263.172260	0.000000	0.000000	0	711	0
376	34	1	2	0.000000	286.235294	255.647059	0.000000	0.000000	0	184	0
377	15	1	1	0.000000	140.333333	140.066667	0.000000	0.000000	0	81	0
378	16	1	2	0.000000	289.250000	286.312500	0.000000	0.000000	0	159	0
379	7	1	2	0.000000	429.714286	422.857143	0.000000	0.000000	0	219	0
380	15	2	1	0.000000	544.600000	381.000000	0.000000	0.000000	0	262	0
381	16	1	2	0.000000	291.125000	55.812500	0.000000	0.000000	0	152	0
382	352	1	1	0.000000	143.346591	140.522727	0.000000	0.000000	0	276	0
383	31	1	1	0.000000	134.451613	113.000000	0.000000	0.000000	0	87	0
384	7	1	1	0.000000	136.857143	135.142857	0.000000	0.000000	0	73	0
385	49	0	0	0.000000	271.755102	170.795918	0.000000	0.000000	0	195	0
386	165	2	0	0.000000	312.078788	226.036364	0.000000	0.000000	0	400	0
387	6	2	0	0.000000	319.500000	155.833333	0.000000	0.000000	0	89	0
